epoch:0 0.0108  0.0349  0.0039  0.0000  0.0015  0.0145  0.0162  0.0286  0.0288  0.0000  0.0024  0.0402  0.9083  0.005000
epoch:1 0.0641  0.1997  0.0185  0.0001  0.0144  0.0906  0.1176  0.1978  0.2004  0.0022  0.0504  0.2652  0.6696  0.005000
epoch:2 0.0869  0.2486  0.0315  0.0002  0.0283  0.1184  0.1474  0.2501  0.2557  0.0070  0.0952  0.3250  0.6082  0.005000
